,day,day_nr,article_number,quantity_batch,quantity,article_revenue,revenue_total
14784,2022-02-16,1,437,1.0,16.0,1194,1194.0
4292,2022-02-18,3,124,1.0,16.0,1046,1046.0
12741,2022-02-21,4,79,3.0,48.0,1530,4590.0
13174,2022-02-25,8,98,18.0,288.0,1254,22572.0
8193,2022-03-01,10,11,1.0,16.0,1028,1028.0
6679,2022-03-07,14,52,2.0,32.0,779,1558.0
871,2022-03-07,14,176,6.0,96.0,1249,7494.0
9781,2022-03-07,14,265,9.0,144.0,1177,10593.0
12917,2022-03-08,15,67,6.0,96.0,1372,8232.0
14204,2022-03-08,15,385,5.0,80.0,1062,5310.0
12127,2022-03-10,17,44,4.0,64.0,1763,7052.0
2260,2022-03-10,17,53,6.0,96.0,1463,8778.0
12919,2022-03-10,17,67,2.0,32.0,1372,2744.0
874,2022-03-10,17,176,4.0,64.0,1249,4996.0
6022,2022-03-10,17,182,10.0,160.0,1180,11800.0
13184,2022-03-11,18,98,13.0,208.0,1254,16302.0
4670,2022-03-11,18,137,32.0,512.0,1613,51616.0
941,2022-03-11,18,287,2.0,32.0,1340,2680.0
14801,2022-03-11,18,437,6.0,96.0,1194,7164.0
2262,2022-03-14,19,53,44.0,704.0,1463,64372.0
1206,2022-03-14,19,174,1.0,16.0,915,915.0
8994,2022-03-14,19,348,5.0,80.0,1426,7130.0
14802,2022-03-14,19,437,19.0,304.0,1194,22686.0
15924,2022-03-14,19,469,5.0,80.0,1029,5145.0
2065,2022-03-15,20,66,2.0,32.0,1186,2372.0
9193,2022-03-15,20,77,7.0,112.0,1126,7882.0
14341,2022-03-15,20,417,3.0,48.0,1567,4701.0
14803,2022-03-15,20,437,62.0,992.0,1194,74028.0
4673,2022-03-16,21,137,74.0,1184.0,1613,119362.0
4674,2022-03-17,22,137,28.0,448.0,1613,45164.0
7941,2022-03-17,22,369,5.0,80.0,1606,8030.0
14343,2022-03-17,22,417,41.0,656.0,1567,64247.0
13486,2022-03-18,23,102,16.0,256.0,1421,22736.0
946,2022-03-18,23,287,58.0,928.0,1340,77720.0
6689,2022-03-21,24,52,2.0,32.0,779,1558.0
9197,2022-03-21,24,77,10.0,160.0,1126,11260.0
15203,2022-03-21,24,173,23.0,368.0,1483,34109.0
13553,2022-03-21,24,201,1.0,16.0,771,771.0
7778,2022-03-21,24,305,6.0,96.0,1124,6744.0
5204,2022-03-21,24,404,2.0,32.0,1222,2444.0
14345,2022-03-21,24,417,30.0,480.0,1567,47010.0
2070,2022-03-22,25,66,5.0,80.0,1186,5930.0
6855,2022-03-22,25,110,5.0,80.0,871,4355.0
9000,2022-03-22,25,348,10.0,160.0,1426,14260.0
7944,2022-03-22,25,369,10.0,160.0,1606,16060.0
5568,2022-03-22,25,391,2.0,32.0,922,1844.0
14808,2022-03-22,25,437,42.0,672.0,1194,50148.0
9199,2022-03-23,26,77,5.0,80.0,1126,5630.0
13192,2022-03-23,26,98,11.0,176.0,1254,13794.0
4678,2022-03-23,26,137,25.0,400.0,1613,40325.0
9067,2022-03-23,26,208,2.0,32.0,985,1970.0
949,2022-03-23,26,287,19.0,304.0,1340,25460.0
7648,2022-03-23,26,324,1.0,16.0,1084,1084.0
9001,2022-03-23,26,348,5.0,80.0,1426,7130.0
15964,2022-03-23,26,430,1.0,16.0,1673,1673.0
15931,2022-03-23,26,469,5.0,80.0,1029,5145.0
4679,2022-03-24,27,137,28.0,448.0,1613,45164.0
950,2022-03-24,27,287,5.0,80.0,1340,6700.0
9002,2022-03-24,27,348,5.0,80.0,1426,7130.0
7946,2022-03-24,27,369,10.0,160.0,1606,16060.0
14348,2022-03-24,27,417,26.0,416.0,1567,40742.0
4680,2022-03-25,28,137,56.0,896.0,1613,90328.0
951,2022-03-25,28,287,18.0,288.0,1340,24120.0
4681,2022-03-28,29,137,74.0,1184.0,1613,119362.0
13856,2022-03-29,30,311,74.0,1184.0,1392,103008.0
4683,2022-03-30,31,137,24.0,384.0,1613,38712.0
14715,2022-03-30,31,149,25.0,400.0,1607,40175.0
13857,2022-03-30,31,311,19.0,304.0,1392,26448.0
14352,2022-03-30,31,417,6.0,96.0,1567,9402.0
2275,2022-03-31,32,53,50.0,800.0,1463,73150.0
4684,2022-03-31,32,137,2.0,32.0,1613,3226.0
15046,2022-03-31,32,494,22.0,352.0,1432,31504.0
12770,2022-04-01,33,79,30.0,480.0,1530,45900.0
4685,2022-04-01,33,137,16.0,256.0,1613,25808.0
7952,2022-04-01,33,369,28.0,448.0,1606,44968.0
