,day,day_nr,article_number,quantity_batch,quantity,article_revenue,revenue_total
4216,2022-02-16,1,11,1.0,16.0,1028,1028.0
6562,2022-02-16,1,79,3.0,48.0,1530,4590.0
7620,2022-02-22,5,437,1.0,16.0,1194,1194.0
6788,2022-02-23,6,98,18.0,288.0,1254,22572.0
2216,2022-02-24,7,124,1.0,16.0,1046,1046.0
2677,2022-02-28,9,404,2.0,32.0,1222,2444.0
622,2022-03-02,11,174,1.0,16.0,915,915.0
8221,2022-03-02,11,430,1.0,16.0,1673,1673.0
1065,2022-03-03,12,66,1.0,16.0,1186,1186.0
6981,2022-03-03,12,201,1.0,16.0,771,771.0
2409,2022-03-04,13,137,22.0,352.0,1613,35486.0
488,2022-03-04,13,287,23.0,368.0,1340,30820.0
7390,2022-03-04,13,417,6.0,96.0,1567,9402.0
5046,2022-03-08,15,265,9.0,144.0,1177,10593.0
7325,2022-03-09,16,385,5.0,80.0,1062,5310.0
6255,2022-03-10,17,44,4.0,64.0,1763,7052.0
3450,2022-03-10,17,52,2.0,32.0,779,1558.0
6663,2022-03-10,17,67,8.0,128.0,1372,10976.0
458,2022-03-10,17,176,10.0,160.0,1249,12490.0
3110,2022-03-10,17,182,10.0,160.0,1180,11800.0
